111110000000000000000000000000
111110000000000000000000000000
111110002222222000000000000000
111110002222222000000000000000
111110002222222000000000000000
111000000022200002222222222000
111000000022200002222222222000
111000000022200002222222222000
111000000000000000002222200000
111000000000000000002222200000
111000000000000000002222200000
111000000000000000000000000000
111000000000000000000000000000
111000000000000000000000000000
111000000000000000000000000000
111111100000000000000000000000
111111100000000000000000000000
111111100000000000000000000000
111111100000000000000000000000
111111100000000000000000000000
111111100000000000000000000000
111111100000000000000000000000
111111100000000000000000000000
111111100000000000000000000000
111111100000000000000000000000
111111100000000000000000000000
111111111111111111111111111110
111111111111111111111111111110
111111111111111111111111111110
->
110000000000000000000001111111
110000011110000020002000011111
110001110200000002000001111111
011111100000000000000200111111
001111100211112000000000021111
001111000011110000020000000002
020011200011000000000000000000
000001111000000000000000020000
020000000002000110002000000002
000000000000000111100000200000
000111111002001111100021111000
001112211110111121100001111000
000111111111111111110000011000
000000020000000001111000021100
000000000000000200111111111100
000000111100000000011112111000
022001112111110000000011102000
000001111111211120000000000000
000000011211111100000000001111
220000000011110111111000011111
111100000002000001121110000000
121110000000000000111110000220
111000000111110000000000000000
000020000011111000000020110002
000000000000111100002000112000
000000000111110020000000111100
000211001111000000000000001100
001111001110020001110002000011
001111111000000111111100000000
111111111111111111111111111111
->
110000000000000000000001111111110000000000000000000001111111
110000011110000020002000011111110000011110000020002000011111
110001110200000002000001111111110001110200000002000001111111
011111100000000000000200111111011111100000000000000200111111
001111100211112000000000021111001111100211112000000000021111
001111000011110000020000000002001111000011110000020000000002
020011200011000000000000000000020011200011000000000000000000
000001111000000000000000020000000001111000000000000000020000
020000000002000110002000000002020000000002000110002000000002
000000000000000111100000200000000000000000000111100000200000
000111111002001111100021111000000111111002001111100021111000
001112211110111121100001111000001112211110111121100001111000
000111111111111111110000011000000111111111111111110000011000
000000020000000001111000021100000000020000000001111000021100
000000000000000200111111111100000000000000000200111111111100
000000111100000000011112111000000000111100000000011112111000
022001112111110000000011102000022001112111110000000011102000
000001111111211120000000000000000001111111211120000000000000
000000011211111100000000001111000000011211111100000000001111
220000000011110111111000011111220000000011110111111000011111
111100000002000001121110000000111100000002000001121110000000
121110000000000000111110000220121110000000000000111110000220
111000000111110000000000000000111000000111110000000000000000
000020000011111000000020110002000020000011111000000020110002
000000000000111100002000112000000000000000111100002000112000
000000000111110020000000111100000000000111110020000000111100
000211001111000000000000001100000211001111000000000000001100
001111001110020001110002000011001111001110020001110002000011
001111111000000111111100000000001111111000000111111100000000
111111111111111111111111111111111111111111111111111111111111
->
222000000022111111111111111000
222000000022111111111111111000
222000000022111111111111111000
000000000000000000001111100000
000000000000000000000000000000
000000000000000000002222200000
000000000000000000000222222000
000000000002200000000000222000
110000000002220000000000000000
110000000000002000000000000000
110111100000000200000000000000
110111100000000000000000000000
110111100000000011110000000000
110111100000000011110000000000
110111100000000011110000000000
110111111111110011110000000000
110111111111000011110000000000
110111111110000011110000000000
110000000000000011110000000000
110000000000000111110022000000
111111000000000000000220000000
111111000001111222222222111111
111111000001111222222222111111
111111000001111222222222222222